21 59 7B 6A 75 52 67 62  26 7B 21 6F 6B 43 7B 7A
5F 25 42 55 4B 76 41 61  45 6C 26 75 58 4C 54 24
24 73 43 75 4B 48 6B 62  53 5A 40 6C 63 52 40 25
6A 51 40 21 63 62 48 53  4C 59 70 54 74 44 29 64
64 46 7A 29 42 47 53 7A  4B 6F 24 26 44 70 4C 70
63 4C 29 4B 6E 28 45 6E  79 51 2A 4D 76 26 55 40
5E 6B 68 44 54 41 62 4F  4E 46 50 70 49 64 76 61
68 66 76 21 7A 42 53 6B  41 40 73 40 45 48 40 42
4D 54 76 67 7D 7D 55 73  50 49 71 65 25 58 76 53
69 21 25 23 6D 4F 23 6A  6F 67 4B 28 57 62 24 44
23 78 49 4E 4C 42 77 25  61 4B 59 49 4E 51 73 62
54 48 21 43 4F 77 53 42  69 69 71 67 58 23 45 7B
6D 28 71 4C 7B 7A 64 43  25 75 26 73 61 70 4C 50
6A 59 26 76 71 79 6E 76  4E 64 6B 25 7A 7B 58 29
4A 76 63 65 78 4E 70 72  5A 66 23 69 4B 68 7B 21
53 46 52 61 65 52 6B 21  4C 79 25 7A 61 61 74 64
48 49 43 78 4F 77 4A 59  74 54 25 4C 5A 46 4F 6D
72 50 24 5A 6D 52 66 29  58 63 4D 4A 54 45 28 4B
52 77 7B 43 26 21 5A 6D  69 4E 43 47 62 4C 24 71
71 23 31 74 26 75 79 71  62 63 59 57 46 29 26 7B
76 4A 72 70 45 26 4C 4E  75 49 57 76 58 7D 21 25
7B 6C 42 62 54 49 2A 47  41 4C 73 74 7A 50 4D 74
53 67 47 4E 53 52 4A 45  74 6B 61 77 23 6C 72 6A
63 62 4A 40 63 73 48 7D  58 59 5A 21 77 4A 4E 64
55 49 74 4B 6B 26 6C 24  57 79 4F 67 4D 77 6C 50
55 56 78 75 51 58 51 7B  58 5A 41 59 78 45 78 6D
29 72 74 78 48 5E 47 2A  7A 29 56 25 48 69 47 6A
50 64 6D 6B 6C 75 57 73  28 48 50 78 7D 57 21 77
58 28 7B 28 66 50 50 67  50 4D 69 42 64 41 73 59
76 29 5A 4E 41 49 4B 55  79 21 53 50 40 4B 7D 40
6C 58 4F 50 6C 6C 23 51  24 4E 5A 75 46 21 42 77
71 64 79 54 5A 59 44 54  56 29 53 62 51 25 7D 7D
4D 23 63 21 21 25 54 56  68 77 2A 4A 55 71 45 68
62 66 64 28 7D 74 46 24  78 4A 5A 73 23 76 72 52
61 21 29 62 72 68 78 6A  68 7B 57 73 61 53 7B 7D
78 68 6A 59 45 6E 4E 5E  63 24 63 53 21 65 5A 65
51 59 51 70 41 28 69 44  25 49 25 49 4D 46 6A 71
66 54 52 5A 73 73 6B 46  68 55 47 6A 63 6A 21 4F
68 46 4B 43 66 66 45 74  75 21 57 69 51 61 65 26
40 77 67 28 77 5A 51 75  4A 73 52 40 46 61 40 62
49 2A 6A 66 5A 4F 44 64  29 47 70 40 6C 52 77 65
7D 45 45 79 5A 4A 68 79  4B 46 64 4C 47 28 76 59
6E 66 40 67 72 56 2A 28  41 55 74 68 25 62 79 58
55 75 5A 72 68 42 58 70  41 70 4D 4D 57 6C 79 49
65 5E 64 49 77 7D 58 53  68 65 55 66 61 6B 43 48
43 75 43 5A 25 49 4A 6C  77 43 57 4C 7B 52 73 73
5E 71 64 6C 51 64 51 45  50 4A 42 21 70 56 70 28
6A 70 7B 78 28 63 55 78  7B 64 7D 4E 47 48 4F 44
57 66 23 56 4C 56 5A 77  42 53 41 70 28 2A 56 78
6D 62 5E 56 78 23 4C 73  4E 6A 74 7A 7D 51 68 4C
28 4C 65 6A 6B 5A 24 73  67 78 7D 28 42 58 6F 70
79 45 4D 5E 24 61 50 26  62 72 41 45 63 6E 53 4D
21 7B 6B 77 7D 43 24 4F  25 5A 51 7D 40 56 6C 5A
41 24 65 73 26 6F 23 4E  54 71 57 79 50 42 40 79
62 70 5E 4F 67 4E 6B 4D  6B 44 4D 69 58 54 67 4F
6F 28 72 62 76 71 28 75  6E 56 6D 53 29 58 62 73
54 65 6D 56 61 4F 65 53  70 7B 52 68 29 42 4E 40
6A 45 79 77 59 44 54 6F  6C 51 61 40 53 7A 2A 6A
6D 58 4A 68 74 6D 44 6A  79 21 5A 6D 41 66 52 74
2A 62 28 76 69 29 6B 43  5F 2A 62 63 65 5E 28 4D
7A 71 79 4B 41 5E 21 52  7D 29 65 6F 68 6D 73 4B
54 26 29 28 24 64 67 56  40 71 4A 21 4F 21 67 7D
4A 55 4A 46 65 29 56 50  6C 51 69 55 48 41 49 66
78 41 45 4B 62 2A 51 21  7D 75 25 70 73 5A 21 23
43 75 23 4B 6B 6E 44 78  6A 59 55 25 47 50 26 4B
55 4E 4A 59 65 61 64 43  50 51 65 4B 57 47 7D 75
76 51 42 56 70 72 4A 44  58 55 66 4A 52 57 25 62
28 43 52 57 6E 74 57 4F  40 6F 26 57 72 77 67 51
44 77 63 57 49 54 44 6B  47 79 41 48 5E 67 30 6A
24 4D 49 70 5E 73 21 51  6D 24 52 49 4C 40 47 54
6D 62 44 56 52 6F 68 23  26 44 48 43 65 70 55 54
6C 65 7B 7D 21 78 47 46  67 5E 59 45 69 48 52 6D
23 7A 7B 5A 49 4A 6A 73  75 6D 59 21 66 5E 77 25
25 6A 77 71 40 7B 77 53  4B 52 72 51 4D 5E 5E 79
26 44 4B 6F 40 4B 74 29  6B 6F 5E 21 73 40 47 43
62 72 5A 72 66 70 46 4D  55 5A 64 56 58 44 49 53
76 28 29 4B 46 51 4C 50  62 23 51 66 77 48 26 50
71 23 5A 67 57 51 73 4E  58 74 4A 24 47 53 23 72
6C 6C 4D 6F 74 61 5E 40  75 6F 23 4C 51 4D 76 40
78 7B 4E 63 59 24 4B 57  45 6E 54 68 7D 57 26 56
21 28 4A 24 4E 51 4B 4C  69 61 6B 74 58 47 42 4B
23 4C 68 50 69 71 72 55  26 50 50 47 5E 46 44 71
7A 56 50 62 4B 65 29 5E  2A 26 6E 52 5A 50 42 53
54 44 66 69 50 79 25 4C  6F 48 76 6A 48 50 2A 44
66 52 40 41 69 73 45 7D  4F 78 4A 2A 58 50 73 4E
47 50 6B 2A 5A 6F 6D 23  2A 46 59 44 25 6C 24 6D
40 6C 6B 2A 73 28 25 44  72 51 76 43 5E 5A 64 74
53 54 28 59 45 69 72 46  24 72 40 7A 72 40 72 62
64 21 25 7B 78 23 52 63  54 72 4C 47 6D 2A 71 66
48 78 79 45 79 57 21 61  6B 7A 23 62 28 42 78 48
52 4B 47 54 7A 24 65 5E  64 7B 7D 48 56 66 28 53
4D 5A 79 50 55 75 7B 65  44 6F 53 4C 6D 24 76 56
6C 6C 68 40 4B 78 44 43  29 29 53 4C 75 28 4A 5E
46 24 59 72 41 49 6C 56  43 24 63 46 40 70 41 54
6E 73 71 71 74 59 68 7A  68 6E 65 70 7D 64 61 49
25 6F 54 2A 6F 6E 21 4E  50 45 4B 25 26 6D 54 29
6A 54 41 49 45 45 65 4B  50 76 63 72 41 6E 66 6C
25 4E 52 64 6D 49 78 5E  55 50 77 70 6C 6A 46 55
6D 4B 71 6E 63 4E 75 28  4D 6C 63 46 51 61 59 41
58 72 6E 57 2A 71 7B 54  26 68 64 62 41 63 66 41
24 40 21 55 54 73 6A 79  43 64 57 6A 51 4F 2A 2A
42 69 6D 64 56 45 4E 40  62 66 4B 26 7A 42 74 51
43 4C 6A 26 6A 6B 45 57  21 55 67 7B 6A 73 6B 6B
57 5E 4B 6A 6D 6B 46 67  44 69 62 57 58 44 63 56
79 61 21 68 78 7A 67 61  75 47 62 6B 4B 6A 4A 59
61 21 5A 4D 41 26 2A 63  40 67 21 6B 6E 6D 4D 26
46 2A 6F 59 74 7D 29 4C  59 57 78 4E 6A 4D 4F 4C
6A 24 4C 68 59 4C 6F 51  42 7B 6B 40 42 23 79 66
21 76 74 65 79 45 46 63  29 67 41 4C 51 40 29 56
5A 70 69 74 25 73 72 78  6B 77 7D 72 57 66 64 25
7B 25 75 4C 46 51 6E 24  72 66 54 23 75 61 61 4A
6E 57 40 69 23 56 7A 42  77 5A 67 56 6E 70 4D 25
68 4B 58 59 62 73 52 45  44 68 50 5A 4B 57 74 79
47 70 65 41 43 40 71 70  45 42 76 51 6C 50 24 76
51 64 49 5E 78 79 72 62  23 26 42 46 69 65 72 74
52 64 69 25 4B 59 6D 5E  79 26 72 5E 72 67 61 6E
43 4F 79 43 28 74 25 6A  71 26 47 58 28 75 51 59
7D 5A 73 65 6D 71 74 46  49 71 69 6A 7B 59 6F 26
4D 4D 73 6E 7A 79 70 43  51 23 65 4B 6A 46 5E 53
25 41 45 66 44 66 66 40  52 63 6D 67 4D 47 26 26
6A 4C 58 69 69 56 6A 6A  63 77 64 66 69 54 73 72
74 63 45 55 78 6F 4B 4A  76 47 79 50 65 61 79 46
65 45 54 56 6F 75 63 4C  49 77 61 2A 73 4C 29 49
7D 53 4D 56 51 5E 70 72  6D 63 42 7B 6B 23 43 49
24 68 40 45 54 76 63 69  58 40 23 47 78 65 54 54
58 46 78 47 6D 56 71 57  23 6A 59 57 70 64 6A 66
25 6F 70 4A 65 47 58 66  4C 66 49 4C 55 76 66 61
59 4A 53 50 44 41 7A 25  58 71 4F 62 24 73 52 50
72 5E 66 67 6E 46 58 74  79 75 61 65 6F 6D 4F 51
76 79 28 75 66 25 68 7B  71 46 58 4C 70 51 41 56
72 6C 25 28 4B 4D 5A 21  51 4C 4C 61 28 6E 23 4A
28 6A 44 4C 4F 61 65 41  70 4B 53 5A 69 63 48 7D
65 56 23 66 74 66 79 63  21 26 54 70 52 4C 75 5A
56 47 40 63 53 50 51 75  67 6C 4B 75 26 49 7B 29
57 5E 55 50 28 57 77 41  6C 50 24 4F 76 54 56 54
2A 57 62 62 49 67 69 4B  29 21 4A 6F 63 65 56 45
69 4F 45 42 29 6F 55 44  68 71 25 6D 49 66 52 73
41 26 66 41 6B 24 66 52  4A 50 4E 5F 7B 25 6F 79
62 78 64 61 61 77 64 79  6E 73 65 61 23 69 6A 4A
4D 6F 41 4F 4A 71 43 4F  44 4D 70 66 4D 7A 4B 25
47 46 63 6F 40 7D 74 40  79 61 41 28 4E 75 7B 73
6A 55 24 74 74 21 7A 59  43 24 41 52 76 59 5E 51
43 57 62 28 42 7D 49 64  48 6F 62 28 44 52 63 63
7D 65 2A 6B 57 67 46 58  58 56 65 56 6A 4E 7B 4A
58 6F 7B 2A 71 4D 6C 26  21 5A 43 58 73 76 57 59
65 52 75 21 4A 68 2A 59  64 21 25 74 54 47 6B 7A
2A 21 62 6C 61 65 45 40  26 21 7A 6C 69 44 24 71
25 44 59 5E 6E 53 4A 25  73 28 53 6D 51 77 5A 6F
4D 5A 26 63 64 5E 6B 2A  6A 58 77 28 4E 46 74 7D
5E 40 75 4B 69 70 74 57  7D 26 6E 4E 61 57 6D 53
4A 5E 45 55 44 47 50 50  56 79 64 45 78 70 69 53
40 67 65 78 6A 70 7A 57  63 67 62 7A 53 78 6F 52
21 62 4F 61 6A 68 7B 40  44 79 56 58 71 79 6D 7B
46 4A 6A 6C 28 6C 26 76  40 44 76 6F 49 6C 5A 7A
40 70 76 4E 79 7D 5E 5A  61 28 4E 57 6D 75 75 75
66 4D 4C 4A 5A 2A 70 65  4F 44 49 6B 26 47 74 48
55 57 70 4C 4F 6A 42 54  6F 61 21 79 50 21 5E 71
6D 40 67 64 55 74 70 55  4D 58 55 72 23 6F 4E 4E
6E 25 74 25 72 70 66 6A  5A 7D 4D 64 6C 58 52 65
62 54 77 7D 66 78 47 4E  63 65 4B 43 75 6D 56 23
7D 40 6F 6E 26 79 57 65  75 4C 53 52 58 4C 42 29
5E 4B 23 55 49 63 69 4A  50 62 79 21 67 4D 63 52
7A 25 4E 70 74 64 53 4D  59 66 62 43 65 79 61 49
70 4F 67 44 59 66 4C 66  45 75 71 4C 48 52 61 4F
65 6B 49 28 4B 4B 50 56  7D 74 4A 79 68 74 4A 26
58 4D 72 73 76 5A 71 53  6D 7D 51 50 66 67 4D 74
4A 76 61 58 67 44 5A 57  50 43 46 45 23 62 2A 79
49 2A 25 4D 52 51 42 63  75 6A 72 54 7B 24 23 40
4D 73 7D 4F 47 72 74 29  55 2A 28 4D 72 59 71 4C
47 68 48 23 4D 46 56 42  50 56 6D 6B 5E 6D 67 5E
4B 58 21 40 6D 5E 64 24  51 7A 6B 4F 55 43 63 61
41 24 68 28 75 67 4C 74  62 67 6A 6C 64 6A 51 6C
48 78 65 4F 6A 79 58 4C  28 51 67 71 71 28 7D 4F
68 45 6E 63 6A 5A 45 53  7D 7B 54 42 74 4F 66 6C
58 6F 7A 6F 71 71 6D 42  48 33 7A 54 46 40 44 55
51 6B 4C 78 63 21 6C 5A  68 76 52 40 4B 26 52 79
58 64 43 7A 4A 24 47 26  59 4E 6C 78 7B 6B 5E 40
6F 4A 79 63 5A 66 4F 76  6E 28 62 58 75 24 76 70
54 4D 56 48 48 51 71 25  70 52 61 74 44 29 6E 52
59 6C 59 46 42 62 47 58  46 61 58 23 6F 65 4A 40
69 46 52 72 52 4D 58 6B  67 41 62 50 7A 63 28 5E
4E 47 68 4F 6C 6D 4E 77  71 78 5E 6E 53 51 79 28
58 74 6B 69 77 46 56 75  79 57 42 44 64 4F 6D 69
67 57 45 6B 24 45 6A 24  58 69 72 48 28 23 21 64
4F 70 45 40 6D 40 52 56  2A 56 40 46 4F 42 45 47
24 57 53 49 28 45 4A 25  57 63 23 79 66 56 25 57
76 26 6C 4F 45 61 79 53  48 69 2A 21 45 50 62 69
70 62 71 61 54 51 72 56  63 40 64 78 6C 45 4F 44
6C 7A 7B 75 74 5E 54 40  43 21 78 50 52 29 7A 51
45 49 79 7B 43 45 71 79  52 29 4E 70 51 65 76 54
63 67 28 6E 52 74 4F 70  55 48 44 6D 21 75 66 6E
4E 66 7D 21 52 71 48 7D  77 62 77 68 5A 6E 6A 76
69 41 79 28 46 7A 6A 50  7B 7B 50 4A 6C 29 55 52
53 29 63 4F 6F 23 62 2A  43 48 29 4A 73 71 57 56
7B 71 63 72 41 2A 6B 61  74 6E 41 63 6B 67 72 68
65 70 4A 44 64 26 75 41  24 78 23 78 47 4F 52 70
70 62 7A 51 6F 69 25 76  4F 6D 5A 61 53 4E 51 6A
59 61 75 58 24 68 5E 70  78 69 48 6D 53 68 4C 6B
48 73 53 53 71 73 71 77  23 25 7D 43 52 63 65 71
4C 58 69 6D 66 40 61 46  78 69 47 4C 57 62 7A 50
76 25 61 40 78 23 52 68  28 6D 52 69 52 72 7B 4B
72 41 7D 4B 42 75 2A 7A  29 44 6A 49 73 56 50 48
66 45 4A 24 7A 43 42 55  65 23 64 4A 42 69 7A 47
6A 4F 66 61 51 25 70 6B  73 51 56 56 24 77 55 77
56 21 4B 56 76 4B 49 52  43 51 6F 61 46 28 78 47
25 69 74 6A 6E 54 56 52  76 54 25 2A 63 66 6E 7A
5E 6B 25 53 61 5E 71 67  4C 75 52 65 70 4E 4E 45
28 45 6F 55 54 46 6D 74  5E 26 25 57 58 6F 55 64
67 66 40 4D 7D 71 2A 62  43 50 71 7D 54 4A 4C 28
4E 58 56 52 67 71 61 6D  23 71 70 52 6D 21 48 61
53 6C 75 4A 4F 53 42 4B  42 72 57 24 53 58 79 76
4F 67 6D 43 67 64 50 61  25 42 78 55 45 54 75 6E
4A 73 42 53 66 7D 74 58  4E 41 2A 63 58 73 77 67
77 63 48 23 65 56 2A 2A  24 42 46 52 25 4F 24 51
74 7B 49 4F 62 44 67 42  42 76 7B 2A 76 79 45 26
4D 6E 4B 79 50 44 6A 6E  51 6A 28 4F 44 48 25 54
4F 5E 6D 45 76 7B 6A 44  50 4C 5E 6C 21 66 26 63
4F 4B 62 4C 26 54 66 4C  7A 78 45 47 40 6A 25 4F
65 24 44 44 5A 54 5A 57  45 73 59 50 28 53 68 53
58 54 72 75 4E 4E 74 42  41 59 75 43 58 4D 45 4D
73 5E 45 5E 48 21 5E 77  76 5E 56 54 4F 71 76 42
4B 61 5A 76 6D 64 7D 76  62 5E 47 69 63 28 47 4A
6C 59 63 58 40 6D 4F 29  7B 5E 48 76 4D 46 44 54
42 76 29 53 74 78 42 67  79 2A 61 70 4E 71 61 48
4B 59 4C 62 6E 6C 71 71  71 70 21 6D 70 68 6C 55
63 23 4A 47 71 64 61 52  64 7B 54 6F 71 25 77 62
6F 68 78 24 4B 25 6D 4A  59 42 4B 74 68 42 4D 79
6C 5E 6F 59 4D 47 61 59  57 4E 51 6C 21 76 78 58
72 61 7A 65 6E 40 67 6A  43 67 23 64 6C 63 43 25
24 47 7B 79 53 5A 59 4D  21 42 6A 6D 43 28 69 56
6A 61 2A 65 76 4C 48 21  62 62 76 44 41 6E 24 51
7D 76 4C 54 47 7A 44 49  6D 21 73 64 23 66 73 4D
21 65 29 74 25 54 48 6D  77 4B 46 51 7D 74 41 47
70 46 57 4A 49 69 4F 40  68 55 59 55 7D 62 7A 79
65 6C 26 44 4C 26 7D 67  56 45 4A 5E 71 5E 66 55
28 65 56 70 28 69 6D 78  61 2A 73 54 79 66 6B 63
40 49 79 53 74 70 73 51  24 4C 40 56 75 55 2A 21
4F 41 74 56 5E 52 49 4A  42 53 7A 7A 66 49 56 57
62 24 72 51 46 45 50 69  21 51 73 23 26 53 4E 5A
4C 61 68 41 4C 77 25 21  48 73 66 61 6C 4F 76 67
6C 28 52 49 74 6F 70 23  74 7A 61 49 75 43 25 61
69 78 76 46 4B 76 21 76  51 5A 45 6C 4E 75 42 62
65 56 4C 50 69 6B 6F 45  44 43 6C 72 28 72 55 71
78 49 52 69 53 50 6E 42  5E 24 71 45 50 40 74 23
55 44 6D 76 68 62 48 5E  66 5A 7D 44 40 46 6E 4F
63 4A 57 6E 59 4D 55 49  25 62 70 46 24 49 73 66
76 40 78 66 47 74 76 48  48 6C 68 59 4D 47 4D 75
41 5E 77 63 4D 4E 52 21  55 4B 48 7A 6A 64 40 21
41 50 2A 4F 47 55 4E 41  75 45 6B 74 43 25 49 53
5A 5A 55 56 7D 49 5A 6F  78 42 57 72 64 52 55 43
7D 44 4E 26 61 65 4F 49  47 4D 78 54 73 58 2A 62
28 57 6E 28 77 7D 4E 44  71 65 6B 23 70 26 43 44
47 21 6C 68 61 72 4F 41  65 79 25 5A 61 46 52 54
4D 69 6B 41 66 4C 49 57  4D 53 51 61 50 55 25 77
72 23 69 59 26 78 76 74  2A 4F 42 24 72 56 67 26
65 43 69 21 44 56 52 43  6E 7A 4E 6A 53 59 4E 44
49 45 6A 45 70 43 5A 48  7A 71 5E 59 68 7D 6F 6D
28 26 4A 72 40 6F 50 28  56 67 77 4F 6B 67 61 4E
4A 55 4B 26 6D 61 7D 25  40 65 79 67 42 67 50 4B
61 53 7D 73 4E 50 7B 68  58 77 6C 4F 4A 45 44 57
67 7A 41 7B 4C 43 6E 65  6C 69 55 50 26 77 46 4F
4C 5A 73 4A 78 66 6C 24  51 45 41 6F 21 4C 4B 6F
2A 55 55 21 6F 6F 68 53  4D 21 21 71 43 72 73 52
43 7B 7A 4F 55 26 68 7B  52 28 65 53 56 29 7B 53
25 7B 52 50 72 50 74 6F  6E 68 48 7A 4A 40 79 64
52 71 76 21 54 51 41 69  66 62 4C 43 49 24 71 4E
24 24 4F 73 49 4A 7D 47  73 62 45 40 7A 54 5A 5A
43 58 57 52 52 49 41 56  6F 70 6C 77 6A 69 6E 58
71 6C 54 62 51 5E 73 6A  25 6B 46 58 5E 7A 65 64
64 50 44 4D 76 72 56 41  24 64 62 56 59 7B 42 56
4C 74 4F 72 52 41 44 45  43 24 7B 6F 24 4D 28 79
2A 47 4F 78 40 67 62 29  55 75 4F 7A 7A 61 73 45
2A 6F 58 75 7A 4D 78 70  7B 6C 6A 4B 5A 70 67 42
2A 6C 4C 6E 79 40 44 6C  61 25 57 6E 7B 49 45 4B
53 66 52 77 64 29 28 52  5A 75 46 76 21 66 6B 55
5A 56 6B 59 4C 62 46 51  6A 7D 25 6A 65 41 55 44
50 71 55 56 56 73 49 29  6D 6B 42 64 71 76 71 4B
6D 65 73 4F 59 51 56 61  4E 23 6C 59 7A 48 46 21
24 24 6A 51 4C 25 47 78  6C 7A 52 6C 5A 54 59 55
67 69 72 4F 28 26 73 40  77 6C 45 71 75 52 78 79
55 67 7A 47 76 53 49 5A  6C 5A 23 7A 76 58 7B 68
59 23 25 49 6E 78 41 6D  7D 70 70 40 25 6D 6D 68
55 26 23 78 79 66 71 66  25 71 74 48 46 5A 25 41
29 59 7D 23 54 6F 41 47  46 29 77 79 5A 71 57 6E
52 6C 47 47 28 6E 49 4B  77 4D 57 45 75 25 71 29
5A 76 46 73 7D 49 41 43  50 61 59 7D 42 24 69 23
52 25 76 51 76 62 46 6F  73 5A 6D 51 71 64 50 46
78 53 75 49 21 46 58 44  40 78 6D 24 45 51 4C 56
76 53 49 57 70 71 76 55  70 25 26 52 76 59 55 64
4C 6C 75 6D 54 6A 6A 6F  62 53 24 5A 61 64 49 25
4A 48 4D 50 4E 57 71 4A  7D 45 42 5E 28 48 78 28
73 5A 63 43 70 7D 40 4B  65 44 6B 64 25 48 4B 75
58 5A 74 4A 7A 76 67 67  26 79 28 68 57 6F 51 4F
42 79 67 7D 50 4F 4C 69  54 4C 7A 4A 2A 55 28 2A
51 6F 53 79 63 23 59 4F  7D 73 6F 79 42 40 77 6D
6F 52 48 26 5E 47 6F 62  7B 6F 28 2A 5E 49 70 21
57 62 61 7D 24 6E 6F 6D  71 21 4C 40 4A 56 6C 79
57 49 77 74 25 6C 40 59  67 67 58 45 50 25 72 6E
6F 44 61 4D 70 7D 67 28  65 58 78 28 72 63 66 25
56 55 62 6B 2A 46 66 50  4C 2A 6E 56 68 6E 25 53
4E 2A 72 26 29 47 7D 46  74 6E 7B 7A 56 42 49 53
4F 75 65 55 44 7A 66 55  28 4D 4C 72 4E 44 63 2A
4C 71 78 72 64 69 4B 74  54 74 29 25 28 44 67 59
64 46 44 42 6D 61 55 56  7A 6F 43 66 21 4F 67 58
2A 79 66 77 51 76 4A 75  62 59 59 70 23 58 65 6E
7D 26 2A 7D 53 2A 67 41  6A 4A 57 68 43 29 4C 44
23 4C 49 54 48 5A 41 4A  47 2A 4D 79 6C 72 65 6A
4F 56 6F 25 68 64 73 6D  46 62 4A 76 5E 76 4B 61
72 50 69 67 4A 26 6A 66  65 25 56 2A 4A 6E 24 72
52 61 4A 63 4A 78 4A 44  61 7D 47 28 45 41 25 6D
67 6E 72 73 41 25 55 40  78 64 56 7B 51 58 78 49
62 45 51 66 50 23 6A 42  76 4F 5E 48 6C 41 29 4F
24 57 59 46 4A 4A 48 53  61 43 4D 47 40 7A 21 43
21 7A 65 41 73 71 52 4B  6D 59 66 47 61 5E 72 40
61 69 46 62 6E 4B 63 4B  6B 25 23 2A 73 54 56 28
29 4E 4F 25 7B 51 75 26  4A 44 69 67 61 65 49 7D
75 6A 74 72 69 78 4E 55  4C 67 4D 63 72 43 66 55
54 55 52 7B 46 54 62 67  4F 23 77 71 70 52 5E 40
61 71 7D 73 25 63 67 7B  43 7D 4B 4A 67 6F 7B 6F
5A 53 4C 7B 79 4B 43 76  56 46 67 41 52 50 6C 4A
7D 4C 59 5E 66 7D 4F 4C  62 65 6B 48 28 2A 6B 62
7B 42 25 5A 57 76 75 64  79 2A 28 4B 41 40 77 47
63 21 2A 63 21 61 68 47  6F 28 2A 4C 49 45 24 63
4D 75 7A 71 72 4A 57 50  21 68 4C 4A 26 4B 48 28
40 65 41 29 62 59 6D 52  6B 69 70 70 28 6F 4A 47
44 28 73 6A 66 70 72 79  59 59 70 70 45 63 77 74
49 5E 4F 43 29 77 47 40  53 69 66 6B 7B 21 64 4B
53 42 43 62 66 6A 44 70  7A 73 4A 50 7B 47 21 42
42 7B 5A 4F 4A 49 4D 43  56 76 56 56 23 6D 7D 65
7D 26 4E 28 64 67 59 24  77 66 41 76 51 56 6A 4A
70 4B 63 53 76 28 24 23  50 4D 23 4E 58 5A 7B 54
68 64 5E 59 5A 6A 7A 26  4D 5A 7D 68 6E 4E 68 7B
54 5A 47 6A 40 70 41 47  71 28 76 5A 40 54 56 44
44 7B 43 25 69 4D 55 6B  6C 6D 2A 66 57 6F 69 44
6A 4C 4A 7D 52 24 63 4D  6B 6E 49 57 57 4C 77 43
70 64 29 7B 52 62 64 50  6F 79 71 56 51 47 58 62
25 58 56 78 51 78 66 4C  5E 2A 59 6E 71 70 4C 44
58 56 6A 6E 56 77 24 4D  69 7A 55 5A 73 71 73 54
28 75 65 56 5E 4D 25 64  68 65 7A 24 5A 6A 79 76
4E 4D 63 57 55 59 28 7B  4F 70 7B 4E 51 72 26 61
74 6A 5E 4D 2A 63 4D 6A  53 64 42 72 73 78 74 66
4E 4D 43 51 54 64 61 48  75 70 44 23 67 70 53 45
76 68 68 6F 2A 21 47 4A  70 28 4F 7D 29 28 4E 6E
4A 58 6A 55 45 55 61 55  6E 6D 4D 4D 76 42 5A 6A
65 25 4B 4B 28 71 75 77  74 75 70 63 57 4D 49 6F
4B 5A 6D 79 74 4A 29 63  65 29 56 7D 64 56 73 23
55 2A 6D 41 61 47 58 7A  5A 42 7D 76 71 4A 57 79
67 73 56 4A 75 51 67 72  57 73 55 63 79 79 64 54
4F 66 68 54 6B 4A 4A 29  4E 5E 69 24 50 63 29 6F
46 6E 2A 49 2A 2A 41 7D  6A 6C 25 44 5A 65 54 56
51 59 73 6B 71 78 58 23  45 76 56 70 43 42 29 2A
71 79 77 69 6F 62 6B 54  6A 58 45 76 28 50 4F 77
26 69 59 40 45 76 4B 55  4B 72 67 65 43 53 4D 58
6E 40 76 40 77 23 23 6F  29 6E 4B 47 48 23 6F 2A
28 78 23 48 67 26 4E 24  56 66 6D 75 55 56 25 73
4A 7B 61 46 41 50 28 4A  6D 51 6A 61 65 74 75 4A
6C 5E 56 41 79 25 6B 24  40 74 79 64 25 6E 49 40
57 6B 7B 64 63 7B 4B 29  4D 6B 64 58 78 23 7B 6A
73 40 28 65 26 52 23 75  6C 56 25 2A 29 52 24 6F
43 57 52 44 50 55 59 6D  63 6F 63 61 4D 28 42 76
2A 4B 26 6E 79 6C 6B 40  58 41 29 61 5A 55 6C 7B
48 6E 44 45 65 53 5A 23  69 6E 63 63 47 75 67 75
69 68 7D 75 44 53 68 45  21 4D 42 7D 23 79 4A 76
78 61 23 23 58 69 4D 4B  68 68 73 40 53 41 52 57
59 64 55 46 2A 56 6B 48  6D 57 63 54 6B 70 42 50
63 5E 52 73 49 2A 59 67  62 62 58 68 43 54 25 53
4A 71 43 67 58 43 54 45  43 75 40 53 71 7A 4B 24
23 58 67 25 21 74 55 4E  47 47 4E 29 4B 5E 75 56
46 29 7A 44 24 6F 28 65  25 64 62 51 57 4A 67 25
6E 6A 40 40 64 4C 72 57  74 77 79 25 68 25 5E 72
79 41 72 40 42 4B 40 6F  6A 75 4E 57 69 72 56 4C
24 41 50 43 51 55 56 66  76 56 45 7D 26 4C 29 45
5A 7D 67 76 7D 7A 24 44  42 46 6F 64 46 42 57 7A
56 79 70 70 46 42 63 7B  49 65 4B 62 7B 4C 74 25
64 4F 26 4D 44 75 45 28  43 42 48 78 5A 28 4C 58
52 46 6D 4E 76 77 6B 40  50 51 6B 6D 75 57 53 54
42 75 47 48 44 64 73 4B  70 79 57 44 6E 29 77 64
47 44 74 29 78 5E 58 26  4D 68 2A 48 4B 63 4E 43
71 6B 4F 43 51 63 66 49  4A 70 4C 59 78 52 7D 25
70 43 49 75 29 42 51 4F  57 21 62 4B 59 4B 53 6A
68 24 2A 77 43 48 24 4C  52 41 42 7D 45 55 63 29
55 59 49 4B 70 65 56 52  29 7D 44 29 75 43 6F 43
41 7B 55 23 65 4E 47 64  67 78 59 76 4F 4C 72 61
4D 64 65 49 51 41 28 58  70 67 7A 4A 7A 65 67 74
24 56 4F 73 6C 51 75 73  6E 55 65 72 78 48 68 4D
6E 51 4F 6E 67 5A 57 40  61 58 68 48 78 28 66 45
75 79 6E 6D 55 69 24 45  61 4D 70 4D 68 69 73 51
24 24 31 50 51 66 65 45  49 75 4E 4A 75 72 6A 44
4B 65 41 77 40 2A 64 4F  24 28 54 75 25 6C 64 28
73 59 48 5F 46 26 75 6A  6C 59 67 48 64 64 21 4A
51 79 26 54 69 61 40 70  5A 56 75 6D 4A 54 7B 48
4F 5A 4C 7D 4B 41 21 70  29 49 45 67 42 4B 71 76
50 6F 59 63 6B 4B 59 48  7D 64 68 6E 6A 47 78 44
41 59 61 55 4E 52 70 68  6C 7A 76 44 4C 58 25 2A
43 40 42 7A 66 55 6C 65  4D 4C 65 67 59 55 75 73
4E 78 4D 45 53 29 67 51  67 52 6A 25 50 47 6B 41
71 52 4E 59 58 7B 57 6C  73 66 56 45 29 43 64 5A
78 7D 42 65 40 72 7D 50  4F 62 7B 7A 75 50 5E 57
46 71 4B 46 58 47 61 51  47 4B 6C 79 2A 4D 4B 45
42 76 64 4F 54 21 54 54  4E 45 42 54 40 28 4C 56
49 50 73 69 59 64 24 23  73 51 2A 25 4C 53 45 57
5E 63 73 4B 64 58 21 68  76 41 23 79 52 63 7D 74
4F 6D 41 76 71 5A 4B 57  73 65 58 41 41 5E 64 6B
29 79 41 4E 68 50 25 71  63 77 72 21 69 24 7A 72
78 63 76 78 59 51 5A 40  47 4C 45 71 46 46 2A 52
62 46 53 7D 77 55 4F 6E  6C 55 52 41 58 59 79 6C
66 4B 78 56 6D 25 47 77  6B 45 6E 63 6C 7B 67 6E
76 51 42 7A 78 7D 5A 5E  50 7B 67 63 47 77 26 5E
58 59 79 6C 42 24 63 66  47 52 61 40 68 72 51 68
6E 61 4C 7A 44 75 70 52  21 4E 29 4B 68 7D 5A 44
72 65 57 52 64 25 62 40  69 68 78 26 40 69 72 4C
7A 66 4D 4A 64 24 48 75  4C 49 55 55 64 78 57 46
52 5E 68 6A 26 64 42 4C  40 24 72 54 54 6B 2A 73
28 69 64 66 4B 51 40 23  49 26 61 69 73 56 61 5A
6D 2A 70 23 6C 48 69 54  70 70 24 78 26 42 6F 4A
68 25 49 4C 75 4C 57 21  72 71 73 40 24 74 68 70
6B 44 5A 69 45 72 5E 7B  6D 6E 72 4F 4F 7B 6B 25
53 79 4A 66 2A 43 76 41  7A 44 4D 56 48 5A 28 79
47 76 47 70 6B 7D 4F 70  73 6E 76 48 54 42 45 6E
6B 70 74 70 7B 4D 73 67  6E 74 68 40 76 58 25 24
40 57 4C 62 6F 4E 6E 42  44 41 29 59 45 50 49 69
71 4F 43 4D 49 41 2A 6B  78 29 25 54 74 44 7A 4E
4C 46 74 5A 47 61 25 44  4B 71 7A 6F 7A 7D 70 44
79 76 6E 4A 43 62 73 7A  61 7A 79 6C 7A 5E 55 29
6F 45 6A 74 23 46 75 6C  6F 6C 64 69 41 53 50 45
51 79 4D 5E 44 29 2A 77  6C 25 55 6D 5E 77 47 23
57 24 5A 41 4F 70 21 25  7A 69 53 24 52 63 75 4D
47 2A 6D 56 25 4D 29 73  5E 50 52 44 64 4A 25 43
29 75 76 68 64 74 61 77  56 45 62 7B 23 42 59 66
45 5E 42 69 4D 57 23 55  26 4E 25 6D 58 73 7D 5A
5E 4F 56 26 57 7D 57 79  7D 5A 76 6F 74 73 49 59
26 4C 4E 44 62 47 73 26  78 54 77 42 6D 74 52 49
53 69 4D 73 52 24 56 24  21 71 44 40 29 59 64 47
44 49 6D 48 76 29 25 5A  29 52 6A 4F 40 67 48 6F
69 67 6A 76 66 53 7B 76  2A 44 21 29 7D 68 64 70
77 61 4F 44 76 50 73 4C  62 79 40 4D 6E 4B 26 6C
55 58 51 74 48 52 2A 51  41 4B 46 62 77 67 4A 59
70 25 4F 24 46 70 4C 53  78 7A 52 66 64 2A 6F 29
21 2A 4D 23 55 50 69 2A  47 58 53 58 51 52 6B 59
7B 79 71 6C 24 58 67 41  29 25 54 46 70 49 42 40
28 58 64 78 67 47 67 42  26 77 66 49 66 6A 25 62
53 44 67 29 52 50 21 75  4C 4F 40 4E 5E 67 57 48
28 21 6E 67 78 4D 68 53  62 50 4C 5E 63 21 53 29
63 4C 6F 79 28 47 73 49  6F 4F 41 47 4D 51 5A 6E
58 40 28 23 26 78 68 78  49 42 4B 25 61 70 28 54
67 65 47 6C 78 4C 58 61  41 2A 6B 6E 57 51 24 47
53 77 6B 77 23 47 26 45  6C 4F 78 77 4B 67 69 70
62 55 58 6E 42 56 5A 2A  77 72 40 56 65 5E 79 7D
73 6D 24 42 5A 6F 49 5A  4E 66 70 5E 78 54 78 4F
59 7D 21 6B 6D 7B 4A 54  78 6A 76 58 4B 48 40 54
76 54 75 67 68 4F 53 6D  4F 26 45 25 63 68 77 45
58 47 25 63 6D 48 7D 46  61 51 78 4A 47 61 5E 43
67 48 55 67 6F 78 4F 6B  49 23 61 50 40 21 24 75
66 59 23 68 4F 52 6A 65  62 6F 71 6C 25 7B 23 4E
63 7D 5A 4C 5E 46 69 78  71 55 49 5E 56 62 5E 62
29 40 48 7D 6D 65 50 7B  67 75 7A 48 40 4B 68 40
67 45 6A 4B 76 79 5A 26  28 47 6D 6D 70 7A 62 47
24 77 7A 24 75 71 53 50  41 42 77 47 7D 51 69 24
23 55 21 57 77 21 42 5E  56 25 55 67 21 6F 7D 26
25 6B 58 5A 45 24 48 4C  58 6E 6F 77 23 6D 51 56
53 50 64 63 66 4D 7A 62  28 6D 64 2A 66 50 66 4E
56 40 4E 4F 26 74 63 69  7D 6A 72 78 24 75 7A 49
69 43 77 57 68 56 57 50  53 47 75 79 5E 54 4B 69
58 6F 52 61 47 68 21 40  4F 77 4B 53 76 65 74 48
45 26 6C 66 28 58 55 54  2A 44 66 75 66 5A 29 28
49 72 41 52 5E 70 73 28  64 64 79 7D 58 6A 67 73
76 77 41 40 63 7D 52 59  4C 7B 53 24 77 6B 64 73
69 72 4D 66 50 7D 63 6B  23 6E 66 46 25 53 61 79
62 4B 47 59 52 46 26 49  4F 2A 5A 48 52 28 5A 79
4E 45 79 78 73 74 44 58  78 25 59 41 2A 47 75 53
61 6B 61 42 53 25 56 46  4C 5A 53 7A 53 5E 73 43
45 78 6D 75 58 29 4D 53  43 52 28 48 26 46 4E 51
77 26 68 47 76 62 71 42  76 49 59 57 79 26 4E 46
68 4F 50 28 45 58 4E 71  71 66 21 61 7B 5A 6B 45
5A 7A 4C 4A 23 50 65 62  6A 67 6C 67 62 56 6C 4D
5A 29 45 58 72 72 66 57  56 70 4E 72 76 78 23 73
47 51 7B 43 5E 62 52 56  23 6C 66 63 78 50 40 44
69 21 64 56 56 51 23 49  71 52 4A 67 4D 78 52 59
79 63 4A 58 61 47 63 66  5E 71 59 4F 21 78 7A 6A
53 41 54 4C 70 71 4F 4D  7B 6F 49 53 46 49 5A 73
68 4F 77 63 61 41 53 4E  7B 7D 7A 41 57 24 73 7D
4E 77 4F 41 6A 4E 6B 78  50 66 53 4C 21 54 51 70
29 75 70 5E 48 2A 43 5E  7A 44 49 7A 6D 48 55 69
4F 5E 62 74 47 73 55 56  61 79 72 5A 76 6F 74 29
4D 48 67 64 79 59 62 72  6B 6A 69 43 44 26 55 57
58 6A 79 4D 6F 5E 52 4E  69 48 6C 49 59 6A 44 6F
25 67 56 45 2A 44 72 65  6B 6A 46 5A 50 69 72 67
4F 43 45 52 6B 59 76 4A  77 7A 61 55 75 51 43 44
71 5A 7B 6C 59 52 69 7A  79 54 45 78 29 46 44 6A
21 26 42 78 45 75 6D 43  42 42 64 23 66 4B 70 40
29 56 45 58 42 78 48 68  71 48 64 45 4E 70 57 6B
47 4A 7D 58 6A 78 7A 77  78 28 23 52 77 54 48 50
56 44 76 71 68 70 66 47  2A 46 4A 74 5E 7B 4A 4B
47 62 6A 59 4A 57 23 47  45 26 6B 45 21 4A 62 6A
76 56 4B 21 6D 76 69 5A  46 49 52 40 56 5E 56 65
76 40 45 23 77 63 6F 4A  29 75 6C 5A 4B 5A 73 44
72 6B 41 63 76 7A 21 48  76 64 66 48 6C 53 52 47
21 29 74 66 54 61 69 58  75 4B 70 47 7A 4B 29 55
44 72 41 71 44 66 70 43  6C 25 76 61 57 43 65 6C
5E 28 7D 23 44 46 6F 42  71 25 46 46 53 24 50 5A
73 66 67 63 75 2A 73 56  44 48 46 25 54 4A 4D 7B
47 4B 51 5A 54 65 47 42  4F 2A 4E 6D 47 4F 6E 21
58 24 44 5A 50 49 6A 53  23 42 43 78 74 77 24 53
74 41 54 7D 69 21 54 63  59 70 41 51 6C 4C 24 7D
46 41 28 2A 24 6E 42 29  42 61 46 7D 26 77 44 23
51 4F 41 4F 41 7B 46 58  66 65 63 79 54 4F 50 6F
6D 6D 67 50 50 49 65 53  7B 4A 75 42 47 43 62 4B
4C 51 69 7B 79 61 57 44  4B 24 54 7B 5E 64 61 6A
73 24 58 48 59 4D 65 6A  42 24 40 4C 2A 65 55 53
64 5A 76 49 56 56 43 6B  59 23 41 62 26 7A 51 25
47 63 72 73 5A 57 78 59  45 43 67 55 29 4E 6C 24
52 78 62 75 68 71 63 51  67 66 42 44 28 23 70 47
5E 57 61 43 7A 63 42 4C  62 40 63 43 24 74 46 6B
75 51 66 7B 72 61 6A 70  49 6E 50 54 43 4A 69 23
43 6C 64 6D 4F 76 40 48  40 73 44 51 2A 41 74 78
54 65 76 4C 6D 7B 78 6C  74 6C 79 66 69 4C 69 59
6E 57 56 24 63 59 21 6F  61 63 74 59 56 6B 7B 5E
4E 28 42 67 78 7D 29 59  6F 4D 43 4A 44 59 6F 29
51 6A 53 52 47 40 46 58  28 7D 4E 4C 58 72 29 69
6E 29 4E 68 7A 78 29 70  50 45 6A 6C 72 21 2A 25
29 4E 23 61 74 62 23 75  73 4D 77 25 6E 42 71 78
65 68 62 23 46 2A 5A 73  4F 48 26 72 7B 66 51 58
43 77 5A 64 63 70 4A 73  4E 79 46 26 5E 2A 70 5A
75 50 21 79 71 23 2A 66  5E 72 4B 67 7B 42 26 4D
5E 5E 61 45 49 31 41 7A  6C 43 62 5E 71 74 50 42
59 5E 67 7B 21 52 61 4D  7A 28 71 73 72 5A 57 65
49 58 24 7B 4B 79 70 5A  6E 6E 53 28 5E 46 58 4B
24 64 7A 29 28 4F 62 6A  25 4C 2A 6F 62 42 65 46
61 59 29 48 4B 44 47 43  62 64 7D 57 77 45 52 74
46 7B 65 24 45 77 68 29  5A 23 52 74 4F 48 75 6E
62 6E 53 79 4C 47 62 48  6C 2A 71 70 28 6B 71 4A
57 75 65 46 53 52 24 42  71 67 77 40 65 58 65 7B
25 69 70 49 5A 57 62 5A  73 26 26 6C 52 29 49 49
59 50 42 4D 72 61 5E 76  45 6B 6A 4A 40 47 66 4C
72 6C 79 42 68 72 25 7D  65 67 25 50 62 21 59 45
43 6E 40 50 4C 53 43 5A  4F 59 4F 46 4D 23 54 68
51 58 59 6D 57 5A 44 67  73 6C 6F 58 25 55 6E 78
4D 6C 29 6B 45 45 69 41  2A 49 51 47 44 2A 29 47
67 62 74 43 4A 4B 4B 73  42 78 72 41 78 69 5A 6C
73 7D 5E 46 51 4F 46 7B  6E 75 4F 5E 68 25 5E 68
2A 72 72 47 77 78 50 4A  65 26 50 26 64 43 4B 44
56 43 48 46 6A 40 63 45  75 26 44 42 42 4B 70 43
5E 69 69 77 79 48 61 23  56 6C 6D 56 70 6F 40 5E
62 43 44 65 40 67 44 6A  7D 63 29 46 74 59 65 4D
65 78 77 54 78 43 57 26  4D 4F 64 6A 70 68 62 59
68 29 21 4A 53 47 79 57  63 42 62 6E 53 67 68 53
4D 55 28 62 67 24 73 33  6D 56 2A 42 25 4A 57 6C
42 4B 54 26 56 51 4F 55  70 67 63 51 6C 4F 4D 26
55 56 44 4C 64 50 7B 2A  21 6B 21 44 76 70 79 50
79 6F 50 70 64 7D 72 6F  72 61 76 53 48 65 66 4C
2A 77 73 61 49 6C 50 55  41 44 49 75 51 76 26 78
6F 51 62 62 50 79 6C 63  4D 6C 71 59 2A 50 73 44
70 6E 6F 43 4E 4F 25 4D  4C 4D 41 54 58 7A 69 6D
24 42 48 79 66 4C 45 57  6C 4C 42 64 6F 73 67 74
41 55 25 42 29 78 6C 69  52 51 42 62 73 21 63 6D
47 4E 63 51 21 51 73 7B  74 63 63 79 69 73 7D 66
66 66 45 53 4C 50 50 56  71 45 77 6D 78 46 68 24
7B 69 24 52 4F 62 41 74  48 23 51 77 23 55 74 57
76 56 51 6F 67 55 4A 7A  69 41 70 24 4F 56 6B 6D
68 74 5E 41 63 54 7A 45  7D 67 52 6F 43 70 7B 50
6F 23 69 29 66 26 75 63  21 7D 4C 7D 46 75 71 55
72 50 4F 25 68 44 4E 49  48 75 45 73 26 59 29 4B
6D 24 4E 54 57 6C 74 4C  42 42 49 24 62 68 7D 7A
53 4D 4C 73 4C 54 46 53  4B 49 6F 48 45 29 75 69
74 59 54 73 7B 50 69 71  54 4B 78 73 5E 7A 7A 69
50 50 77 74 72 43 72 57  6F 26 47 24 42 57 47 51
7D 6D 4C 7B 76 71 58 75  64 45 78 64 51 48 72 51
4B 55 67 47 77 67 21 70  76 43 69 6C 72 45 56 5E
29 58 75 40 62 64 74 70  77 6D 26 4F 52 71 6B 61
43 4A 61 6C 21 21 5A 23  42 29 73 4F 24 70 6A 63
48 71 65 6D 72 6E 29 4C  28 4B 6F 21 76 5A 43 52
7A 43 56 61 41 21 40 47  49 64 52 45 46 74 4A 64
28 43 2A 6A 4D 4B 67 69  66 78 67 68 51 2A 63 48
21 42 25 7D 4D 52 6A 5A  6A 26 65 70 44 71 68 4C
4A 48 47 55 4C 69 63 24  5A 4E 79 62 68 51 41 4C
58 6C 41 42 50 26 21 69  47 53 74 58 76 43 73 29
42 6B 4E 74 74 6B 6F 53  65 68 72 4E 26 73 49 61
4C 55 75 75 6B 49 65 53  73 61 74 71 69 77 66 7D
74 63 79 5A 26 7B 4F 2A  64 54 77 7B 2A 6F 62 4A
26 63 69 48 28 69 59 53  43 49 51 67 5A 52 57 29
49 49 69 29 25 4F 50 7A  78 26 6B 7B 26 7B 46 57
6F 59 5E 49 78 4B 40 71  46 73 41 4F 48 6D 25 24
59 77 4A 69 79 5A 69 53  6C 62 4F 67 5E 59 6E 6B
73 72 29 77 28 6B 63 71  50 61 24 41 7A 6C 25 4A
4C 25 28 6F 61 51 6F 6A  70 72 6F 2A 5E 4D 24 42
58 73 40 54 23 73 24 6F  77 2A 67 61 59 62 7B 76
42 23 53 2A 4C 48 78 4D  46 26 43 66 64 6A 72 79
25 66 73 76 28 53 4C 48  64 6F 4E 6A 21 69 79 42
49 53 28 57 4D 47 58 73  25 40 50 63 6C 58 23 4D
41 56 43 72 64 47 25 61  71 65 42 63 6C 4B 4F 2A
72 51 5A 45 73 25 6C 68  79 69 46 64 75 42 62 78
63 5A 57 50 25 6C 69 62  48 49 4D 26 28 45 49 62
6D 6B 28 48 6E 63 4F 5E  69 59 6A 62 21 21 6F 56
6E 64 73 75 46 53 6D 67  43 4D 78 44 4F 74 55 72
49 7B 66 6B 5A 48 29 79  53 54 4D 51 53 57 61 74
6D 58 47 70 23 4D 67 76  2A 50 55 49 44 41 43 44
47 6B 4B 23 54 52 6C 45  58 70 70 29 6E 2A 26 6D
43 53 54 57 78 45 45 5A  61 79 47 45 4C 21 70 74
6E 6C 51 49 6D 70 5E 69  5E 69 7B 6B 41 46 23 6F
65 54 44 6C 68 45 7D 29  48 42 5F 79 4C 53 52 56
61 41 21 23 78 45 40 23  54 4A 26 61 46 2A 28 42
53 67 4A 24 61 26 64 64  6B 73 52 5A 4C 64 6A 45
6E 4B 55 28 43 69 75 62  78 41 71 75 67 6E 71 76
78 28 6E 55 69 29 5E 61  58 71 5A 6C 77 7B 6E 76
40 77 26 50 7B 49 23 25  72 73 75 4E 4B 67 75 49
75 72 4D 51 4C 29 6B 44  21 53 61 4C 58 6F 2A 5A
62 5E 6B 53 4B 59 6E 54  33 6C 28 43 4C 73 64 75
56 46 43 75 5E 4C 52 4C  4C 6E 68 53 77 50 48 28
69 26 57 28 6D 7D 53 4B  56 73 78 5E 72 50 4C 25
6C 7D 4B 4B 62 5E 76 56  5A 53 6F 6F 69 56 7D 56
72 21 24 7A 55 65 79 55  6C 63 25 46 6E 42 50 28
61 4C 53 70 77 26 74 71  4D 5A 43 68 5A 49 5E 57
4C 59 52 5A 75 77 47 46  50 47 4D 42 57 6E 58 48
6A 53 63 73 62 26 64 4D  66 4B 64 44 47 57 76 28
5E 45 69 68 66 57 49 7B  73 71 2A 29 53 7B 76 58
70 45 4E 42 59 24 47 65  69 72 4F 61 71 28 48 78
56 45 28 26 21 41 26 47  78 6C 62 7D 67 72 29 59
71 54 76 52 7A 4B 48 2A  25 72 68 77 49 63 78 66
78 63 4D 70 4C 67 54 4D  66 6E 49 45 29 2A 24 55
4B 64 21 41 79 51 77 69  4E 65 68 71 2A 56 63 50
62 67 55 61 40 64 58 61  5A 66 56 41 47 4F 59 54
52 4D 25 53 78 70 77 46  74 4C 67 59 5E 7D 6C 29
73 4B 62 4D 61 4E 58 7B  58 23 71 65 75 76 67 7D
69 70 40 71 47 7B 4E 4A  4F 4C 54 2A 25 78 69 47
59 41 78 28 2A 66 72 50  4E 5E 29 43 50 4E 4F 54